"ID" "Description" "GeneRatio" "BgRatio" "pvalue" "p.adjust" "qvalue" "geneID" "Count"
"GO:0003735" "GO:0003735" "structural constituent of ribosome" "44/1199" "56/2775" 5.40867689541553e-08 8.16710211207745e-06 7.97068174061236e-06 "YPK_0289/YPK_0336/YPK_0337/YPK_0286/YPK_1823/YPK_0298/YPK_3784/YPK_0284/YPK_0288/YPK_0338/YPK_0302/YPK_0294/YPK_0285/YPK_0291/YPK_0309/YPK_2668/YPK_1066/YPK_1682/YPK_0299/YPK_0290/YPK_0295/YPK_0287/YPK_0297/YPK_0301/YPK_4249/YPK_0300/YPK_0293/YPK_3361/YPK_0335/YPK_4154/YPK_0307/YPK_1822/YPK_3782/YPK_0306/YPK_0283/YPK_3590/YPK_3781/YPK_0305/YPK_0275/YPK_3756/YPK_4153/YPK_0296/YPK_0524/YPK_0304" 44
"GO:0022625" "GO:0022625" "cytosolic large ribosomal subunit" "21/1199" "22/2775" 2.61607336065521e-07 1.97513538729468e-05 1.92763300258805e-05 "YPK_0336/YPK_0286/YPK_1823/YPK_0298/YPK_0288/YPK_0338/YPK_0302/YPK_0294/YPK_0285/YPK_0309/YPK_0299/YPK_0290/YPK_0295/YPK_0301/YPK_0293/YPK_3361/YPK_0335/YPK_3781/YPK_3756/YPK_0524/YPK_0304" 21
"GO:0006412" "GO:0006412" "translation" "42/1199" "58/2775" 5.15232609160741e-06 0.000259333746610906 0.000253096720289487 "YPK_0289/YPK_0336/YPK_0337/YPK_1823/YPK_3784/YPK_0284/YPK_0288/YPK_0338/YPK_0302/YPK_0294/YPK_0285/YPK_0291/YPK_0309/YPK_2668/YPK_1066/YPK_1682/YPK_0299/YPK_0290/YPK_0295/YPK_0287/YPK_0297/YPK_0301/YPK_4249/YPK_0293/YPK_2186/YPK_3361/YPK_0335/YPK_4154/YPK_0307/YPK_1822/YPK_3782/YPK_0306/YPK_0283/YPK_3590/YPK_3781/YPK_0305/YPK_0275/YPK_3756/YPK_4153/YPK_0296/YPK_0524/YPK_0304" 42
"GO:0019843" "GO:0019843" "rRNA binding" "23/1199" "27/2775" 7.8707649349086e-06 0.0002971213762928 0.000289975550233475 "YPK_0289/YPK_0336/YPK_0286/YPK_1823/YPK_0298/YPK_0284/YPK_0288/YPK_0302/YPK_0294/YPK_0285/YPK_0290/YPK_0295/YPK_0287/YPK_0297/YPK_0300/YPK_0307/YPK_0283/YPK_3590/YPK_3781/YPK_0305/YPK_0275/YPK_1290/YPK_0296" 23
