ID	Description	GeneRatio	BgRatio	pvalue	p.adjust	qvalue
GO:0003735	GO:0003735	structural constituent of ribosome	44/1199	56/2775	5.40867689541553e-08	8.16710211207745e-06	7.97068174061236e-06
GO:0022625	GO:0022625	cytosolic large ribosomal subunit	21/1199	22/2775	2.61607336065521e-07	1.97513538729468e-05	1.92763300258805e-05
GO:0006412	GO:0006412	translation	42/1199	58/2775	5.15232609160741e-06	0.000259333746610906	0.000253096720289487
GO:0019843	GO:0019843	rRNA binding	23/1199	27/2775	7.8707649349086e-06	0.0002971213762928	0.000289975550233475
